{
 "cells": [
  {
   "cell_type": "code",
   "execution_count": 8,
   "metadata": {},
   "outputs": [],
   "source": [
    "import numpy as np"
   ]
  },
  {
   "cell_type": "code",
   "execution_count": 19,
   "metadata": {},
   "outputs": [
    {
     "data": {
      "text/plain": [
       "array([[[23, 50,  7, 12],\n",
       "        [75, 21, 57, 12],\n",
       "        [57, 67, 99, 43],\n",
       "        [87, 26, 18, 84]]])"
      ]
     },
     "execution_count": 19,
     "metadata": {},
     "output_type": "execute_result"
    }
   ],
   "source": [
    "# 1 Tensor\n",
    "\n",
    "A = [[[23,50,7,12],[75,21,57,12],[57,67,99,43],[87,26,18,84]]]\n",
    "\n",
    "x = np.array(A)\n",
    "x"
   ]
  },
  {
   "cell_type": "code",
   "execution_count": 22,
   "metadata": {},
   "outputs": [
    {
     "name": "stdout",
     "output_type": "stream",
     "text": [
      "[[ 391 1100  361]\n",
      " [ 119  264 2071]\n",
      " [ 969 1474 1862]]\n"
     ]
    }
   ],
   "source": [
    "A = [[23,50,19],[7,12,109],[57,67,98]]\n",
    "B = [17,22,19]\n",
    "\n",
    "aa = np.array(A)\n",
    "bb = np.array(B)\n",
    "\n",
    "print(aa*bb)"
   ]
  },
  {
   "cell_type": "code",
   "execution_count": 37,
   "metadata": {},
   "outputs": [
    {
     "name": "stdout",
     "output_type": "stream",
     "text": [
      "[[ 23   7  57]\n",
      " [ 50  12  67]\n",
      " [ 19 109  98]]\n"
     ]
    },
    {
     "data": {
      "text/plain": [
       "131344.0000000002"
      ]
     },
     "execution_count": 37,
     "metadata": {},
     "output_type": "execute_result"
    }
   ],
   "source": [
    "C = [[23,50,19], [7,12,109], [57,67,98]]\n",
    "\n",
    "cc = np.transpose(C)\n",
    "print(cc)\n",
    "\n",
    "cd = np.array(C)\n",
    "np.linalg.det(C)\n"
   ]
  },
  {
   "cell_type": "code",
   "execution_count": 38,
   "metadata": {},
   "outputs": [
    {
     "name": "stdout",
     "output_type": "stream",
     "text": [
      "\n"
     ]
    },
    {
     "data": {
      "text/plain": [
       "array([[-0.0466485 , -0.02761451,  0.03975819],\n",
       "       [ 0.04208034,  0.00891552, -0.01807467],\n",
       "       [-0.00163692,  0.0099662 , -0.00056341]])"
      ]
     },
     "execution_count": 38,
     "metadata": {},
     "output_type": "execute_result"
    }
   ],
   "source": [
    "print(\"\")\n",
    "ci = np.array(C)\n",
    "np.linalg.inv(C)"
   ]
  }
 ],
 "metadata": {
  "kernelspec": {
   "display_name": "Python 3.11.0 64-bit",
   "language": "python",
   "name": "python3"
  },
  "language_info": {
   "codemirror_mode": {
    "name": "ipython",
    "version": 3
   },
   "file_extension": ".py",
   "mimetype": "text/x-python",
   "name": "python",
   "nbconvert_exporter": "python",
   "pygments_lexer": "ipython3",
   "version": "3.11.0"
  },
  "orig_nbformat": 4,
  "vscode": {
   "interpreter": {
    "hash": "bd515da7b6b96552b54afac513d0716c9696ec40e25d799991196c4080ab6efd"
   }
  }
 },
 "nbformat": 4,
 "nbformat_minor": 2
}
